Type 0 [unknown:52] offset 24 length 96
Instrument Parameters 
  DUR: 104.2674
  MVD: 4.01651906967163
  PKA: -11937
  PKL: 142067
  PRA: -12460
  PRL: 1421942
  HFL: 15798.0138
  LFL: 0
  LWN: 15798.0138
  SSP: 1
  SSM: 1
  INS: IFS 125
  FOC: 418
  ASS: 1
  GFW: 1
  GBW: 0
  BFW: 0
  BBW: 0
  IGN: 041222.1/scan/b
  RSN: 385734
  HFF: 15798.0138
  LFF: 0
  HUM: 100
  TLP: 27
  PIM: 0.60017
  TSC: 28.4
  IDA: -4.9
  ISS: OK
  END: 
Acquisition Parameters 
  AQM: SD
  SGN: 1
  RES: 0.0200126712463254
  OPL: 44.9877123160887
  OPS: 4.48008850327754
  NSS: 1
  END: 
FT Parameters 
  APF: BX
  PHR: 55.539892265625
  SVF: 6000
  PCL: 1024
  PCT: 0.001
  ZFF: 2
  ZPL: 142065
  SCF: 0
  DCL: 1.18258283166028e-08
  ZPA: 0.433235168457031
  DIP: 0
  VER: 20191113
  VDC: 0
  LST: 2
  LSE: 0.0014590754872188
  LSU: 0.000388994783861563
  LSF: 8.94014465302462e-06
  SNR: 205.95361328125
  END: 
Optic Parameters 
  SRC: Sun Tracker
  APT: 1.00 mm
  FOV: 2.39234449760766
  BMS: CaF2
  VEL: 7.5 kHz
  DTC: Si- Diode & Slave [Internal Pos.2]
  PGR: 7680
  HPF: 1
  LPF: 10.0
  END: 
Sample Parameters 
  SFM: Solar
  LAT: 45.9448
  LON: -90.2732
  ALT: 442
  TOU: -23.1
  POU: 964.4
  HOU: 80
  SIA: 177.4
  SIS: 1.2
  WSA: 0
  WDA: 0
  WSA: 0
  WSS: 0
  WSM: 0
  WDA: 0
  WDS: 0
  ZSA: 158.7
  ZSS: 1.1
  ZRM: 0
  ZLM: 0
  ZVA: 15
  DAA: 134.8
  DSM: 0
  SAA: 135.1
  SEA: 7.3
  STM: 0
  SIA: 177.4
  SIS: 1.2
  SOA: 0
  SOE: 0
  SDA: 1.1
  END: 
Data Parameters SpSm
  DPF: 1
  NPT: 769674
  FXV: 9999.99797973461
  LXV: 15798.00626692
  CSF: 1
  MXY: 0.314551830291748
  MNY: -0.0102856047451496
  DXU: WN
  DAT: 22/12/2004
  TIM: 14:39:54.520 (UTC+0)
  END: 
Data Block SpSm length 769674
