Type 0 [unknown:52] offset 24 length 96
Instrument Parameters 
  DUR: 72.53845
  MVD: 1.4521723985672
  PKA: 6409
  PKL: 28677
  PRA: 6428
  PRL: 1422090
  HFL: 15798.022
  LFL: 0
  LWN: 15798.022
  SSP: 1
  SSM: 1
  INS: IFS125 HR
  FOC: 418
  ASS: 1
  GFW: 1
  GBW: 0
  BFW: 0
  BBW: 0
  IGN: wg20090206_1640NIR_DC.0
  RSN: 27322
  HFF: 15798.022
  LFF: 0
  HUM: 0
  TLP: 21.7
  PIM: 2.044
  TSC: 21.7
  END: 
Acquisition Parameters 
  AQM: SD
  SGN: 1
  RES: 0.0200106255370085
  OPL: 44.9923097967581
  OPS: 0.891409063742284
  NSS: 1
  END: 
FT Parameters 
  APF: BX
  PHR: 55.53992109375
  SVF: 6000
  PCL: 1024
  PCT: 0.001
  ZFF: 2
  ZPL: 28677
  SCF: 2
  DCL: 0.129105717493774
  ZPA: 0.072719395160675
  DIP: 1.65005551973074e-05
  VER: 20191113
  VDC: 0.00528437504544854
  LST: 2
  LSE: 8.42576118884608e-05
  LSU: 0.00017695693532005
  LSF: 2.91026481136214e-06
  SNR: 141.34700012207
  END: 
Optic Parameters 
  SRC: Sun Tracker
  APT: 1.00 mm
  FOV: 2.39234449760766
  BMS: CaF2
  VEL: 10.0 kHz
  DTC: Si + InGaAs  DC [Internal Pos.1]
  HPF: 0
  LPF: 10.0
  END: 
Sample Parameters 
  SFM: Solar
  LAT: -34.4061
  LON: 150.8793
  ALT: 30
  TOU: 20.6
  POU: 1004.2
  HOU: 0
  SIA: 2190
  SIS: 16.206
  WSA: 0
  WDA: 0
  END: 
Data Parameters SpSm
  DPF: 1
  NPT: 769674
  FXV: 10000.0031702595
  LXV: 15798.0144669161
  CSF: 1
  MXY: 0.0562032163143158
  MNY: -0.0023251106031239
  DXU: WN
  DAT: 06/02/2009
  TIM: 06:40:57.088 (UTC+0)
  END: 
Data Block SpSm length 769674
