Type 0 [unknown:52] offset 24 length 96
Instrument Parameters 
  DUR: 72.53845
  MVD: 1.4521723985672
  PKA: 11853
  PKL: 28674
  PRA: 11699
  PRL: 1422093
  HFL: 15798.022
  LFL: 0
  LWN: 15798.022
  SSP: 1
  SSM: 1
  INS: IFS125 HR
  FOC: 418
  ASS: 1
  GFW: 0
  GBW: 1
  BFW: 0
  BBW: 0
  IGN: wg20090206_1640NIR_DC.0
  RSN: 27322
  HFF: 15798.022
  LFF: 0
  HUM: 0
  TLP: 21.7
  PIM: 2.044
  TSC: 21.7
  END: 
Acquisition Parameters 
  AQM: SD
  SGN: 1
  RES: 0.0200106396184273
  OPL: 44.9922781472263
  OPS: 0.891440713274105
  NSS: 1
  END: 
FT Parameters 
  APF: BX
  PHR: 55.53992109375
  SVF: 2500
  PCL: 1024
  PCT: 0.001
  ZFF: 2
  ZPL: 28678
  SCF: 2
  DCL: 0.201647395271607
  ZPA: 0.167274951934814
  DIP: -1.68208487711929e-05
  VER: 20191113
  VDC: 0.00340601336210966
  LST: 2
  LSE: 0.000411819986766204
  LSU: 0.000249975069891661
  LSF: 2.57600981967698e-06
  SNR: 161.388168334961
  END: 
Optic Parameters 
  SRC: Sun Tracker
  APT: 1.00 mm
  FOV: 2.39234449760766
  BMS: CaF2
  VEL: 10.0 kHz
  DTC: Si + InGaAs  DC [Internal Pos.1]
  HPF: 0
  LPF: 10.0
  END: 
Sample Parameters 
  SFM: Solar
  LAT: -34.4061
  LON: 150.8793
  ALT: 30
  TOU: 20.6
  POU: 1004.2
  HOU: 0
  SIA: 2190
  SIS: 16.206
  WSA: 0
  WDA: 0
  END: 
Data Parameters SpSm/2.Chn.
  DPF: 1
  NPT: 955785
  FXV: 3799.9963835249
  LXV: 10999.9974608183
  CSF: 1
  MXY: 0.209879443049431
  MNY: -0.00118075869977474
  DXU: WN
  DAT: 06/02/2009
  TIM: 06:42:14.650 (UTC+0)
  END: 
Data Block SpSm/2.Chn. length 955785
