Type 0 [unknown:52] offset 24 length 96
Instrument Parameters 
  DUR: 104.2674
  PKA: -15344
  PKL: 142065
  PRA: -15408
  PRL: 1421944
  HFL: 15798.0138
  LFL: 0
  LWN: 15798.0138
  SSP: 1
  SSM: 1
  INS: IFS 125
  FOC: 418
  ASS: 1
  GFW: 0
  GBW: 1
  BFW: 0
  BBW: 0
  RSN: 385734
  HFF: 15798.0138
  LFF: 0
  HUM: 100
  TLP: 27
  PIM: 0.60017
  TSC: 28.4
  IDA: -4.8
  ISS: OK
  END: 
Acquisition Parameters 
  AQM: SD
  SGN: 1
  RES: 0.0199982311858318
  OPL: 45.0039801838887
  OPS: 4.49626142243274
  NSS: 1
  END: 
FT Parameters 
  APF: BX
  PHR: 55.539892265625
  SVF: 2500
  PCL: 1024
  PCT: 0.02
  ZFF: 2
  ZPL: 142063
  SCF: 0
  DCL: -1.68239921993774e-09
  ZPA: 0.552244186401367
  VER: 20140302
  VDC: 0
  LST: 2
  LSE: 0.00172665889840573
  LSU: 0.00028846092754975
  END: 
Optic Parameters 
  SRC: Sun Tracker
  APT: 1.0 mm
  FOV: 2.39234449760766
  BMS: CaF2
  VEL: 7.5 kHz
  DTC: Si- Diode & Slave [Internal Pos.2]
  PGR: 3090
  HPF: 1
  LPF: 10.0
  END: 
Sample Parameters 
  SFM: Solar
  LAT: 45.9448
  LON: -90.2732
  ALT: 442
  TOU: -23
  POU: 964.6
  HOU: 80
  SIA: 179
  SIS: 1.9
  WSA: 0
  WDA: 0
  WSA: 0
  WSS: 0
  WSM: 0
  WDA: 0
  WDS: 0
  ZSA: 162.5
  ZSS: 1.1
  ZRM: 0
  ZLM: 0
  ZVA: 15
  DAA: 134.8
  DSM: 0
  SAA: 135.4
  SEA: 7.5
  STM: 0
  SIA: 179
  SIS: 1.9
  SOA: 0
  SOE: 0
  SDA: 1.1
  END: 
Data Parameters SpSm/2.Chn.
  DPF: 1
  NPT: 955785
  FXV: 3800.00194420795
  LXV: 10999.9992843241
  CSF: 1
  MXY: 0.573365151882172
  MNY: -0.00194788724184036
  DXU: WN
  DAT: 22/12/2004
  TIM: 14:41:43.490 (UTC+0)
  END: 
Data Block SpSm/2.Chn. length 955785
