
 Correlation Coefficients:
           1           1           1    luft    
       1
  1  1.000  1.000

 Correlation Coefficients:
           2           2           1    hf      
       1
  1  1.000  1.000

 Correlation Coefficients:
           3          22          20    h2o     
       1      2      3      4      5      6      7      8      9     10     11     12     13     14     15     16     17     18     19     20
  1  1.000  0.997  0.991  0.999  0.998  0.996  0.984  0.995  0.994  0.995  1.000  0.981  0.950  0.988  0.985  0.951  0.982  0.986  0.984  0.973  0.986
  2  0.997  1.000  0.997  0.999  0.994  0.996  0.974  0.984  0.989  0.994  0.994  0.983  0.969  0.997  0.990  0.972  0.992  0.995  0.994  0.982  0.990
  3  0.991  0.997  1.000  0.995  0.984  0.987  0.955  0.972  0.975  0.983  0.987  0.967  0.962  0.994  0.980  0.970  0.984  0.990  0.988  0.970  0.982
  4  0.999  0.999  0.995  1.000  0.996  0.996  0.978  0.990  0.991  0.994  0.998  0.980  0.956  0.992  0.986  0.959  0.985  0.989  0.987  0.975  0.987
  5  0.998  0.994  0.984  0.996  1.000  0.998  0.992  0.996  0.999  0.999  0.998  0.990  0.957  0.988  0.991  0.953  0.985  0.987  0.986  0.982  0.989
  6  0.996  0.996  0.987  0.996  0.998  1.000  0.988  0.990  0.996  1.000  0.994  0.994  0.972  0.995  0.997  0.969  0.994  0.995  0.994  0.990  0.992
  7  0.984  0.974  0.955  0.978  0.992  0.988  1.000  0.994  0.997  0.992  0.987  0.990  0.938  0.966  0.981  0.926  0.970  0.969  0.967  0.974  0.976
  8  0.995  0.984  0.972  0.990  0.996  0.990  0.994  1.000  0.997  0.992  0.997  0.980  0.929  0.972  0.977  0.924  0.968  0.971  0.968  0.964  0.978
  9  0.994  0.989  0.975  0.991  0.999  0.996  0.997  0.997  1.000  0.998  0.996  0.993  0.953  0.982  0.990  0.946  0.982  0.983  0.982  0.982  0.986
 10  0.995  0.994  0.983  0.994  0.999  1.000  0.992  0.992  0.998  1.000  0.995  0.995  0.968  0.991  0.996  0.963  0.991  0.992  0.991  0.989  0.991
 11  1.000  0.994  0.987  0.998  0.998  0.994  0.987  0.997  0.996  0.995  1.000  0.980  0.944  0.984  0.982  0.943  0.978  0.982  0.980  0.970  0.984
 12  0.981  0.983  0.967  0.980  0.990  0.994  0.990  0.980  0.993  0.995  0.980  1.000  0.977  0.985  0.998  0.968  0.992  0.990  0.989  0.996  0.986
 13  0.950  0.969  0.962  0.956  0.957  0.972  0.938  0.929  0.953  0.968  0.944  0.977  1.000  0.985  0.986  0.998  0.992  0.989  0.991  0.992  0.970
 14  0.988  0.997  0.994  0.992  0.988  0.995  0.966  0.972  0.982  0.991  0.984  0.985  0.985  1.000  0.994  0.987  0.998  0.999  0.999  0.990  0.989
 15  0.985  0.990  0.980  0.986  0.991  0.997  0.981  0.977  0.990  0.996  0.982  0.998  0.986  0.994  1.000  0.981  0.998  0.997  0.997  0.998  0.990
 16  0.951  0.972  0.970  0.959  0.953  0.969  0.926  0.924  0.946  0.963  0.943  0.968  0.998  0.987  0.981  1.000  0.990  0.989  0.990  0.985  0.968
 17  0.982  0.992  0.984  0.985  0.985  0.994  0.970  0.968  0.982  0.991  0.978  0.992  0.992  0.998  0.998  0.990  1.000  0.999  1.000  0.997  0.989
 18  0.986  0.995  0.990  0.989  0.987  0.995  0.969  0.971  0.983  0.992  0.982  0.990  0.989  0.999  0.997  0.989  0.999  1.000  1.000  0.995  0.990
 19  0.984  0.994  0.988  0.987  0.986  0.994  0.967  0.968  0.982  0.991  0.980  0.989  0.991  0.999  0.997  0.990  1.000  1.000  1.000  0.995  0.989
 20  0.973  0.982  0.970  0.975  0.982  0.990  0.974  0.964  0.982  0.989  0.970  0.996  0.992  0.990  0.998  0.985  0.997  0.995  0.995  1.000  0.985

 Correlation Coefficients:
          23          29           7    th2o    
       1      2      3      4      5      6      7
  1  1.000  0.928  0.900  0.946  0.927  0.913  0.885  0.928
  2  0.928  1.000  0.997  0.984  1.000  0.998  0.985  0.985
  3  0.900  0.997  1.000  0.972  0.997  0.999  0.992  0.980
  4  0.946  0.984  0.972  1.000  0.987  0.973  0.940  0.972
  5  0.927  1.000  0.997  0.987  1.000  0.998  0.983  0.984
  6  0.913  0.998  0.999  0.973  0.998  1.000  0.993  0.982
  7  0.885  0.985  0.992  0.940  0.983  0.993  1.000  0.968

 Correlation Coefficients:
          30          37           8    hdo     
       1      2      3      4      5      6      7      8
  1  1.000  0.971  0.989  0.976  0.972  0.928  0.937  0.956  0.966
  2  0.971  1.000  0.989  0.988  0.991  0.984  0.990  0.990  0.988
  3  0.989  0.989  1.000  0.997  0.996  0.971  0.975  0.988  0.988
  4  0.976  0.988  0.997  1.000  0.999  0.983  0.985  0.996  0.990
  5  0.972  0.991  0.996  0.999  1.000  0.988  0.990  0.998  0.992
  6  0.928  0.984  0.971  0.983  0.988  1.000  0.999  0.995  0.981
  7  0.937  0.990  0.975  0.985  0.990  0.999  1.000  0.996  0.984
  8  0.956  0.990  0.988  0.996  0.998  0.995  0.996  1.000  0.990

 Correlation Coefficients:
          38          39           2    co      
       1      2
  1  1.000  0.948  0.974
  2  0.948  1.000  0.974

 Correlation Coefficients:
          40          42           3    n2o     
       1      2      3
  1  1.000  0.999  0.811  0.937
  2  0.999  1.000  0.797  0.932
  3  0.811  0.797  1.000  0.869

 Correlation Coefficients:
          43          45           3    ch4     
       1      2      3
  1  1.000  0.998  1.000  0.999
  2  0.998  1.000  0.998  0.999
  3  1.000  0.998  1.000  0.999

 Correlation Coefficients:
          46          46           1    lco2    
       1
  1  1.000  1.000

 Correlation Coefficients:
          47          48           2    zco2    
       1      2
  1  1.000  1.000  1.000
  2  1.000  1.000  1.000

 Correlation Coefficients:
          49          49           1    fco2    
       1
  1  1.000  1.000

 Correlation Coefficients:
          50          51           2    wco2    
       1      2
  1  1.000  0.988  0.994
  2  0.988  1.000  0.994

 Correlation Coefficients:
          52          53           2    co2     
       1      2
  1  1.000  0.998  0.999
  2  0.998  1.000  0.999

 Correlation Coefficients:
          54          54           1    o2      
       1
  1  0.416  0.416

 Correlation Coefficients:
          55          70          16    hcl     
       1      2      3      4      5      6      7      8      9     10     11     12     13     14     15     16
  1  1.000  0.994  0.894  0.886  0.937  0.921  0.893  0.962  0.885  0.891  0.886  0.865  0.887  0.876  0.902  0.886  0.910
  2  0.994  1.000  0.901  0.892  0.931  0.923  0.886  0.959  0.875  0.885  0.871  0.859  0.884  0.869  0.900  0.879  0.907
  3  0.894  0.901  1.000  1.000  0.989  0.997  0.991  0.981  0.986  0.993  0.979  0.989  0.996  0.990  0.996  0.991  0.980
  4  0.886  0.892  1.000  1.000  0.988  0.996  0.993  0.978  0.989  0.995  0.982  0.992  0.997  0.993  0.997  0.993  0.979
  5  0.937  0.931  0.989  0.988  1.000  0.997  0.994  0.996  0.991  0.993  0.990  0.986  0.992  0.989  0.996  0.992  0.985
  6  0.921  0.923  0.997  0.996  0.997  1.000  0.994  0.992  0.990  0.995  0.985  0.988  0.996  0.991  0.998  0.993  0.985
  7  0.893  0.886  0.991  0.993  0.994  0.994  1.000  0.981  0.999  1.000  0.997  0.998  0.999  0.999  0.999  1.000  0.983
  8  0.962  0.959  0.981  0.978  0.996  0.992  0.981  1.000  0.976  0.980  0.974  0.968  0.979  0.973  0.986  0.978  0.979
  9  0.885  0.875  0.986  0.989  0.991  0.990  0.999  0.976  1.000  0.999  0.999  0.999  0.997  0.999  0.996  0.999  0.980
 10  0.891  0.885  0.993  0.995  0.993  0.995  1.000  0.980  0.999  1.000  0.996  0.998  1.000  0.999  0.999  1.000  0.983
 11  0.886  0.871  0.979  0.982  0.990  0.985  0.997  0.974  0.999  0.996  1.000  0.996  0.993  0.997  0.993  0.997  0.977
 12  0.865  0.859  0.989  0.992  0.986  0.988  0.998  0.968  0.999  0.998  0.996  1.000  0.998  1.000  0.996  0.999  0.977
 13  0.887  0.884  0.996  0.997  0.992  0.996  0.999  0.979  0.997  1.000  0.993  0.998  1.000  0.999  0.999  0.999  0.982
 14  0.876  0.869  0.990  0.993  0.989  0.991  0.999  0.973  0.999  0.999  0.997  1.000  0.999  1.000  0.997  1.000  0.980
 15  0.902  0.900  0.996  0.997  0.996  0.998  0.999  0.986  0.996  0.999  0.993  0.996  0.999  0.997  1.000  0.998  0.985
 16  0.886  0.879  0.991  0.993  0.992  0.993  1.000  0.978  0.999  1.000  0.997  0.999  0.999  1.000  0.998  1.000  0.982
