
 Correlation Coefficients:
           1           1           1    luft    
       1
  1  1.000  1.000

 Correlation Coefficients:
           2           2           1    hf      
       1
  1  1.000  1.000

 Correlation Coefficients:
           3          22          20    h2o     
       1      2      3      4      5      6      7      8      9     10     11     12     13     14     15     16     17     18     19     20
  1  1.000  0.997  0.991  0.999  0.998  0.996  0.984  0.995  0.994  0.995  1.000  0.981  0.950  0.988  0.985  0.953  0.982  0.986  0.984  0.973  0.987
  2  0.997  1.000  0.997  0.999  0.994  0.996  0.974  0.984  0.989  0.994  0.994  0.983  0.969  0.997  0.990  0.974  0.992  0.995  0.994  0.982  0.990
  3  0.991  0.997  1.000  0.995  0.984  0.987  0.955  0.972  0.975  0.983  0.987  0.967  0.962  0.994  0.980  0.973  0.984  0.989  0.988  0.970  0.982
  4  0.999  0.999  0.995  1.000  0.996  0.996  0.978  0.990  0.991  0.994  0.998  0.980  0.956  0.992  0.986  0.961  0.985  0.989  0.987  0.975  0.987
  5  0.998  0.994  0.984  0.996  1.000  0.998  0.992  0.996  0.999  0.999  0.998  0.990  0.957  0.988  0.991  0.955  0.985  0.987  0.986  0.982  0.989
  6  0.996  0.996  0.987  0.996  0.998  1.000  0.988  0.990  0.996  1.000  0.994  0.994  0.972  0.995  0.997  0.970  0.994  0.995  0.994  0.990  0.992
  7  0.984  0.974  0.955  0.978  0.992  0.988  1.000  0.994  0.997  0.992  0.987  0.990  0.938  0.966  0.981  0.927  0.970  0.969  0.967  0.974  0.976
  8  0.995  0.984  0.972  0.990  0.996  0.990  0.994  1.000  0.997  0.992  0.997  0.980  0.929  0.972  0.977  0.926  0.968  0.971  0.968  0.964  0.978
  9  0.994  0.989  0.975  0.991  0.999  0.996  0.997  0.997  1.000  0.998  0.996  0.993  0.953  0.982  0.990  0.948  0.982  0.983  0.982  0.982  0.986
 10  0.995  0.994  0.983  0.994  0.999  1.000  0.992  0.992  0.998  1.000  0.995  0.995  0.967  0.991  0.996  0.964  0.991  0.992  0.991  0.989  0.991
 11  1.000  0.994  0.987  0.998  0.998  0.994  0.987  0.997  0.996  0.995  1.000  0.981  0.944  0.984  0.983  0.946  0.978  0.982  0.980  0.970  0.985
 12  0.981  0.983  0.967  0.980  0.990  0.994  0.990  0.980  0.993  0.995  0.981  1.000  0.977  0.985  0.998  0.968  0.992  0.990  0.989  0.996  0.986
 13  0.950  0.969  0.962  0.956  0.957  0.972  0.938  0.929  0.953  0.967  0.944  0.977  1.000  0.985  0.986  0.997  0.992  0.989  0.991  0.992  0.970
 14  0.988  0.997  0.994  0.992  0.988  0.995  0.966  0.972  0.982  0.991  0.984  0.985  0.985  1.000  0.994  0.988  0.998  0.999  0.999  0.990  0.989
 15  0.985  0.990  0.980  0.986  0.991  0.997  0.981  0.977  0.990  0.996  0.983  0.998  0.986  0.994  1.000  0.982  0.998  0.997  0.997  0.998  0.990
 16  0.953  0.974  0.973  0.961  0.955  0.970  0.927  0.926  0.948  0.964  0.946  0.968  0.997  0.988  0.982  1.000  0.991  0.990  0.991  0.985  0.969
 17  0.982  0.992  0.984  0.985  0.985  0.994  0.970  0.968  0.982  0.991  0.978  0.992  0.992  0.998  0.998  0.991  1.000  0.999  1.000  0.997  0.989
 18  0.986  0.995  0.989  0.989  0.987  0.995  0.969  0.971  0.983  0.992  0.982  0.990  0.989  0.999  0.997  0.990  0.999  1.000  1.000  0.995  0.990
 19  0.984  0.994  0.988  0.987  0.986  0.994  0.967  0.968  0.982  0.991  0.980  0.989  0.991  0.999  0.997  0.991  1.000  1.000  1.000  0.995  0.989
 20  0.973  0.982  0.970  0.975  0.982  0.990  0.974  0.964  0.982  0.989  0.970  0.996  0.992  0.990  0.998  0.985  0.997  0.995  0.995  1.000  0.985

 Correlation Coefficients:
          23          29           7    th2o    
       1      2      3      4      5      6      7
  1  1.000  0.928  0.900  0.946  0.927  0.913  0.885  0.928
  2  0.928  1.000  0.997  0.984  1.000  0.998  0.985  0.985
  3  0.900  0.997  1.000  0.972  0.997  0.999  0.992  0.980
  4  0.946  0.984  0.972  1.000  0.987  0.973  0.940  0.972
  5  0.927  1.000  0.997  0.987  1.000  0.998  0.983  0.984
  6  0.913  0.998  0.999  0.973  0.998  1.000  0.993  0.982
  7  0.885  0.985  0.992  0.940  0.983  0.993  1.000  0.968

 Correlation Coefficients:
          30          37           8    hdo     
       1      2      3      4      5      6      7      8
  1  1.000  0.971  0.989  0.976  0.972  0.928  0.933  0.956  0.966
  2  0.971  1.000  0.989  0.988  0.991  0.984  0.987  0.990  0.987
  3  0.989  0.989  1.000  0.997  0.996  0.971  0.974  0.988  0.988
  4  0.976  0.988  0.997  1.000  0.999  0.983  0.985  0.996  0.990
  5  0.972  0.991  0.996  0.999  1.000  0.988  0.989  0.998  0.992
  6  0.928  0.984  0.971  0.983  0.988  1.000  1.000  0.995  0.981
  7  0.933  0.987  0.974  0.985  0.989  1.000  1.000  0.996  0.983
  8  0.956  0.990  0.988  0.996  0.998  0.995  0.996  1.000  0.990

 Correlation Coefficients:
          38          38           1    co      
       1
  1  1.000  1.000

 Correlation Coefficients:
          39          41           3    n2o     
       1      2      3
  1  1.000  0.999  0.811  0.937
  2  0.999  1.000  0.797  0.932
  3  0.811  0.797  1.000  0.869

 Correlation Coefficients:
          42          44           3    ch4     
       1      2      3
  1  1.000  0.998  1.000  0.999
  2  0.998  1.000  0.998  0.999
  3  1.000  0.998  1.000  0.999

 Correlation Coefficients:
          45          45           1    lco2    
       1
  1  1.000  1.000

 Correlation Coefficients:
          46          47           2    zco2    
       1      2
  1  1.000  1.000  1.000
  2  1.000  1.000  1.000

 Correlation Coefficients:
          48          48           1    fco2    
       1
  1  1.000  1.000

 Correlation Coefficients:
          49          49           1    wco2    
       1
  1  1.000  1.000

 Correlation Coefficients:
          50          51           2    co2     
       1      2
  1  1.000  0.998  0.999
  2  0.998  1.000  0.999

 Correlation Coefficients:
          52          52           1    o2      
       1
  1  0.416  0.416

 Correlation Coefficients:
          53          57           5    hcl     
       1      2      3      4      5
  1  1.000  0.989  0.997  0.986  0.993  0.993
  2  0.989  1.000  0.997  0.991  0.993  0.994
  3  0.997  0.997  1.000  0.990  0.995  0.996
  4  0.986  0.991  0.990  1.000  0.999  0.993
  5  0.993  0.993  0.995  0.999  1.000  0.996
